@0
00100011111001010000000010000000
10101111111001010000000100000000
00100011111001010000000001000000
10101111111001010000000100000000
00100011111001010000000000100000
10101111111001010000000100000000
00100011111001010000000000010000
10101111111001010000000100000000
00100011111001010000000000001000
10101111111001010000000100000000
00100011111001010000000000000100
10101111111001010000000100000000
00100011111001010000000000000010
10101111111001010000000100000000
00100011111001010000000000000001
10101111111001010000000100000000
00100011111001010000000000000010
10101111111001010000000100000000
00100011111001010000000000000100
10101111111001010000000100000000
00100011111001010000000000001000
10101111111001010000000100000000
00100011111001010000000000010000
10101111111001010000000100000000
00100011111001010000000000100000
10101111111001010000000100000000
00100011111001010000000000010000
10101111111001010000000100000000
00100011111001010000000000001000
10101111111001010000000100000000
00100011111001010000000000000100
10101111111001010000000100000000
00100011111001010000000000000010
10101111111001010000000100000000
00100011111001010000000000000001
10101111111001010000000100000000
00100011111001010000000000000010
10101111111001010000000100000000
00100011111001010000000000000100
10101111111001010000000100000000
00100011111001010000000000001000
10101111111001010000000100000000
00100011111001010000000000010000
10101111111001010000000100000000
00100011111001010000000000100000
10101111111001010000000100000000
00100011111001010000000001000000
10101111111001010000000100000000
00100011111001010000000010000000
10101111111001010000000100000000

00100011111001010000000000000000
10101111111001010000000100000000
00100011111001010000000000000000
10101111111001010000000100000000

00100011111001010000000000000001
10101111111001010000000100000000
00100011111001010000000000000010
10101111111001010000000100000000
00100011111001010000000000000100
10101111111001010000000100000000
00100011111001010000000000001000
10101111111001010000000100000000
00100011111001010000000000010000
10101111111001010000000100000000
00100011111001010000000000101000
10101111111001010000000100000000
00100011111001010000000001000000
10101111111001010000000100000000
00100011111001010000000010001000
10101111111001010000000100000000
00100011111001010000000001000000
10101111111001010000000100000000
00100011111001010000000000101000
10101111111001010000000100000000
00100011111001010000000000010000
10101111111001010000000100000000
00100011111001010000000000001000
10101111111001010000000100000000
00100011111001010000000000000100
10101111111001010000000100000000
00100011111001010000000000000010
10101111111001010000000100000000
00100011111001010000000000000001
10101111111001010000000100000000

00100011111001010000000000000000
10101111111001010000000100000000
00100011111001010000000000000000
10101111111001010000000100000000

00100011111001010000000010000000
10101111111001010000000100000000
00100011111001010000000001000000
10101111111001010000000100000000
00100011111001010000000000100000
10101111111001010000000100000000
00100011111001010000000000010000
10101111111001010000000100000000
00100011111001010000000000001000
10101111111001010000000100000000
00100011111001010000000000000100
10101111111001010000000100000000
00100011111001010000000000000010
10101111111001010000000100000000
00100011111001010000000000000001
10101111111001010000000100000000
00100011111001010000000000000010
10101111111001010000000100000000
00100011111001010000000000000100
10101111111001010000000100000000
00100011111001010000000000001000
10101111111001010000000100000000
00100011111001010000000000010000
10101111111001010000000100000000
00100011111001010000000000100000
10101111111001010000000100000000
00100011111001010000000000010000
10101111111001010000000100000000
00100011111001010000000000001000
10101111111001010000000100000000
00100011111001010000000000000100
10101111111001010000000100000000
00100011111001010000000000000010
10101111111001010000000100000000
00100011111001010000000000000001
10101111111001010000000100000000
00100011111001010000000000000010
10101111111001010000000100000000
00100011111001010000000000000100
10101111111001010000000100000000
00100011111001010000000000001000
10101111111001010000000100000000
00100011111001010000000000010000
10101111111001010000000100000000
00100011111001010000000000100000
10101111111001010000000100000000
00100011111001010000000001000000
10101111111001010000000100000000
00100011111001010000000010000000
10101111111001010000000100000000

00100011111001010000000000000000
10101111111001010000000100000000
00100011111001010000000000000000
10101111111001010000000100000000

00100011111001010000000011111111
10101111111001010000000100000000
00100011111001010000000000000000
10101111111001010000000100000000
00100011111001010000000010010001
10101111111001010000000100000000
00100011111001010000000000000000
10101111111001010000000100000000
00100011111001010000000010010001
10101111111001010000000100000000
00100011111001010000000000000000
10101111111001010000000100000000
00100011111001010000000010010001
10101111111001010000000100000000
00100011111001010000000000000000
10101111111001010000000100000000
00100011111001010000000010010001
10101111111001010000000100000000
00100011111001010000000000000000
10101111111001010000000100000000
00100011111001010000000010010001
10101111111001010000000100000000
00100011111001010000000000000000
10101111111001010000000100000000
00100011111001010000000010000001
10101111111001010000000100000000
00100011111001010000000000000000
10101111111001010000000100000000
00100011111001010000000010000001
10101111111001010000000100000000

00100011111001010000000000000000
10101111111001010000000100000000
00100011111001010000000000000000
10101111111001010000000100000000

00100011111001010000000000000000
10101111111001010000000100000000
00100011111001010000000000000000
10101111111001010000000100000000

00100011111001010000000011111111
10101111111001010000000100000000

00100011111001010000000000000000
10101111111001010000000100000000
00100011111001010000000000000000
10101111111001010000000100000000
00100011111001010000000000000000
10101111111001010000000100000000
00100011111001010000000000000000
10101111111001010000000100000000
